113.1205198764801 94.68
126.67164134979248 95.49
132.51185202598572 95.82
122.29953956604004 96.37
98.32542824745178 94.2
102.76978421211243 95.04
109.97008800506592 95.55
198.6671178340912 95.13
242.47991108894348 95.45
285.19817996025085 95.18
324.86960768699646 90.62
402.1174690723419 93.32
442.07076621055603 91.15
114.92233896255493 94.85
151.72595524787903 95.45
189.27501821517944 92.83
227.0990858078003 96.22
263.86994457244873 86.93
106.5849540233612 95.18
143.09003138542175 94.79
179.26691961288452 93.73
215.34821462631226 94.79
251.32182049751282 96.25
102.98649668693542 96.29
142.79128432273865 96.75
181.61673784255981 96.56
220.97689151763916 97.0
259.94633507728577 96.6
124.77034068107605 95.65
161.79637670516968 95.98
199.90632462501526 95.82
237.04920387268066 95.89
274.1883246898651 95.46
99.03795528411865 95.04
135.7210977077484 97.0
112.09826922416687 95.13
147.49711322784424 96.9
182.60498428344727 96.73
218.25301957130432 97.07
253.80876278877258 96.29
